14 0.749054054054054 0.6341150442477876 0.04822072072072065 0.038480825958702114
14 0.7693918918918919 0.5492625368731563 0.17027027027027034 0.08387905604719764
14 0.23450450450450452 0.6306637168141592 0.19738738738738737 0.14998525073746305
14 0.07853603603603602 0.43182890855457223 0.04218468468468469 0.18648967551622428
14 0.3414864864864865 0.7747197640117994 0.0587612612612612 0.02960176991150433
14 0.6066666666666667 0.7801474926253689 0.03768018018018022 0.020722713864306717
14 0.5704954954954955 0.13679941002949852 0.034662162162162134 0.0207227138643068
14 0.44545045045045045 0.3262536873156342 0.16423423423423428 0.034542772861356874
14 0.1455855855855856 0.3203392330383481 0.046711711711711734 0.048348082595870166
14 0.5980630630630631 0.6594690265486726 0.021734234234234182 0.012448377581121025
14 0.6664414414414414 0.6728171091445428 0.017207207207207177 0.014233038348082563