14 0.7882959641255605 0.6597214076246335 0.04800448430493266 0.03825513196480943
14 0.808542600896861 0.575366568914956 0.16950672645739914 0.08338709677419355
14 0.27605381165919285 0.6562903225806451 0.19650224215246634 0.14910557184750725
14 0.12078475336322869 0.45862170087976534 0.04199551569506727 0.18539589442815257
14 0.3825560538116592 0.7995014662756598 0.058497757847533575 0.02942815249266853
14 0.6465470852017937 0.8048973607038123 0.03751121076233188 0.02060117302052779
14 0.6105381165919282 0.16532258064516128 0.03450672645739907 0.020601173020527875
14 0.4860538116591928 0.3536656891495601 0.16349775784753368 0.034340175953079116
14 0.18753363228699552 0.3477859237536657 0.046502242152466386 0.04806451612903222
14 0.6379820627802691 0.6849266862170088 0.02163677130044838 0.012375366568915035
14 0.7060538116591928 0.6981964809384165 0.017130044843049298 0.014149560117302019