14 0.7554661016949152 0.6332361111111111 0.045360169491525354 0.036236111111111156
14 0.7745974576271186 0.5533333333333333 0.16016949152542378 0.07898611111111112
14 0.2714406779661017 0.629986111111111 0.18567796610169487 0.14123611111111103
14 0.12472457627118644 0.44275 0.039682203389830514 0.17561111111111113
14 0.3720762711864407 0.7656388888888889 0.05527542372881351 0.02787499999999991
14 0.6215254237288136 0.77075 0.035444915254237326 0.019513888888888827
14 0.5875 0.16493055555555555 0.0326059322033898 0.019513888888888904
14 0.4698728813559322 0.3433333333333333 0.15449152542372885 0.03252777777777776
14 0.18779661016949153 0.33776388888888886 0.04394067796610172 0.045527777777777736
14 0.6134322033898305 0.6571111111111111 0.02044491525423724 0.011722222222222299
14 0.6777542372881356 0.6696805555555556 0.016186440677966072 0.013402777777777746